[ // pawns
          100,  100,  100,  100,  100,  100,  100,  100,
          104,  109,  105,  90,   90,   101,  102,  104,
          106,  108,  97,   106,  104,  104,  101,  110,
          90,   96,   90,   124,  124,  115,  98,   95,
          90,   93,   95,   112,  111,  102,  98,   94,
          90,   95,   97,   106,  105,  100,  99,   96,
          100,  105,  104,  103,  103,  104,  105,  100,
          100,  100,  100,  100,  100,  100,  100,  100,
          // knights
          275,  290,  290,  285,  285,  290,  290,  275,
          281,  295,  307,  310,  310,  307,  295,  281,
          283,  309,  312,  311,  311,  310,  307,  283,
          295,  308,  310,  310,  310,  310,  308,  295,
          295,  301,  308,  304,  304,  308,  301,  295,
          295,  295,  303,  300,  300,  303,  295,  295,
          285,  295,  295,  300,  300,  295,  295,  285,
          275,  285,  295,  295,  295,  295,  285,  275,
          // bishops
          299,  300,  302,  305,  305,  302,  300,  298,
          313,  344,  315,  313,  313,  315,  333,  313,
          321,  331,  328,  302,  300,  328,  331,  321,
          325,  332,  334,  327,  327,  338,  333,  327,
          318,  322,  321,  322,  322,  321,  322,  318,
          315,  315,  316,  320,  320,  316,  310,  315,
          310,  312,  311,  313,  313,  311,  312,  310,
          305,  305,  307,  308,  308,  307,  305,  305,
          // rooks
          495,  504,  521,  529,  529,  521,  504,  495,
          496,  502,  507,  515,  515,  507,  502,  496,
          485,  510,  505,  507,  507,  505,  510,  485,
          485,  475,  475,  495,  495,  475,  475,  485,
          480,  475,  470,  475,  475,  470,  475,  480,
          475,  475,  480,  480,  480,  480,  475,  475,
          485,  485,  485,  480,  480,  485,  485,  485,
          500,  495,  490,  495,  495,  490,  495,  500,
          // queens
          895,  900,  920,  929,  929,  920,  900,  895,
          910,  905,  913,  924,  924,  913,  905,  910,
          900,  901,  903,  910,  910,  903,  901,  900,
          898,  905,  905,  905,  905,  905,  905,  898,
          900,  900,  900,  903,  903,  900,  900,  900,
          920,  925,  910,  900,  900,  910,  925,  903,
          905,  910,  915,  915,  915,  915,  910,  905,
          905,  900,  910,  915,  915,  910,  900,  905,
          // kings
           25,   70,   29,   13,   8,    17,   58,   21,
           0,   -3,   -2,   -29,  -15,   0,    5,    0,
          -10,  -5,   -15,  -25,  -25,  -15,  -5,   -10,
          -30,  -25,  -30,  -35,  -35,  -30,  -25,  -30,
          -45,  -30,  -45,  -60,  -60,  -45,  -30,  -45,
          -25,  -25,  -60,  -75,  -75,  -60,  -25,  -25,
          -15,  -20,  -25,  -70,  -70,  -25,  -20,  -15,
          -5,   -15,  -20,  -35,  -35,  -20,  -15,   -5
        ]